0 5255 15.169
0 5254 60.058
0 7995 104.173
1 1292 12.972
1 0 41.746
2 3028 15.246
2 5640 144.49
2 1 65.31
3 5781 12.987
3 2 86.773
4 6054 11.941
4 5636 47.615
4 3 62.637
5 1100 80.339
5 3979 72.513
5 2019 79.512
6 6145 12.008
6 6144 135.446
6 4 87.567
7 3403 12.368
7 5734 145.186
8 1269 12.535
8 1268 72.685
8 7 111.302
9 5 144.35
9 1103 79.699
10 7550 54.309
10 1107 79.635
10 1513 79.448
11 12 86.935
11 1191 121.087
11 417 216.577
12 13 68.46
12 11 86.935
12 418 197.628
13 6941 75.855
13 12 68.46
13 419 177.55
14 903 33.624
14 3619 317.507
14 6941 80.29
15 4311 149.118
16 17 75.624
16 3856 73.746
16 3854 85.585
17 16 75.624
18 5731 115.493
18 19 17.345
18 7679 27.281
19 7678 101.345
20 680 76.536
20 69 78.796
20 5810 230.805
21 4699 114.416
22 5809 233.857
22 7674 72.993
22 4568 198.399
23 22 74.77
23 5810 234.526
24 3857 74.989
24 23 87.736
24 25 66.045
25 26 74.956
25 24 66.045
25 5820 236.518
26 27 74.208
26 25 74.956
26 5816 240.337
26 7212 76.519
27 26 74.208
27 3034 291.238
27 28 73.806
27 5817 242.366
28 29 24.578
28 27 73.806
28 5818 243.37
29 28 24.578
30 34 119.696
30 7484 54.176
30 1415 92.796
31 7557 31.924
31 2789 76.239
32 3244 99.983
32 2793 77.335
33 7015 76.949
33 2637 157.947
33 2638 75.958
33 3764 68.942
34 36 77.351
34 30 119.696
34 2852 192.077
34 3616 172.414
35 3722 218.263
35 1711 719.254
36 38 76.016
36 34 77.351
36 2975 193.704
36 4284 169.034
37 40 55.325
38 39 76.211
38 36 76.016
38 3668 192.874
38 4287 169.091
39 41 75.94
39 38 76.211
39 3623 192.267
39 3624 169.083
40 46 173.646
40 37 55.325
40 1529 78.112
40 3082 254.215
41 42 76.213
41 39 75.94
41 2280 191.757
41 2279 168.935
42 43 76.015
42 41 76.213
42 2854 191.01
42 4294 168.844
43 42 76.015
43 5492 169.451
43 5491 190.222
43 44 76.079
44 2848 189.385
44 2847 168.934
44 45 76.141
44 43 76.079
45 6815 188.958
45 6816 168.851
45 47 92.878
45 44 76.141
46 40 173.646
46 5186 139.751
46 3082 79.293
46 1530 78.142
47 6769 64.538
47 45 92.878
47 3906 172.124
48 49 97.818
48 4074 168.486
48 2259 106.609
48 4799 78.197
49 51 102.486
49 48 97.818
49 3710 79.627
49 6715 119.844
50 6752 78.503
50 3038 78.366
50 1181 239.723
51 52 200.82
51 49 102.486
51 2908 78.372
51 1121 79.01
52 54 161.982
52 51 200.82
52 2910 78.971
52 1898 79.007
53 4471 103.753
53 5312 49.078
53 1761 21.842
54 52 161.982
54 2798 79.073
54 6379 79.032
54 59 212.273
55 2194 78.429
55 4106 79.015
55 56 207.534
55 4716 241.419
56 750 207.457
56 6640 78.702
56 4103 79.078
56 55 207.534
57 4921 77.65
57 61 182.301
57 874 78.009
58 60 207.693
58 750 207.771
58 5750 79.084
58 4092 78.969
59 4468 201.62
59 2799 79.434
59 757 79.602
59 54 212.273
60 3041 87.412
60 58 207.693
60 2839 78.779
60 4088 79.131
61 4720 36.402
61 4701 219.935
61 57 182.301
62 2805 90.08
62 6234 86.535
62 5297 162.468
63 2993 90.713
63 64 57.813
63 3601 9.547
64 3442 11.505
64 65 168.333
65 5257 94.284
65 5256 12.222
65 67 235.504
66 5590 11.454
66 1986 81.293
67 7100 11.039
67 6283 286.665
68 70 212.184
68 5702 93.12
68 4122 88.201
69 7271 68.801
69 20 78.796
69 5202 86.108
69 5809 230.941
70 1056 214.879
70 68 212.184
70 4125 80.764
70 5705 79.955
71 386 170.028
71 1973 52.914
71 2763 79.217
72 386 168.613
72 5724 71.734
72 2766 76.71
73 6898 229.824
74 3947 27.451
76 78 172.669
76 1953 79.146
76 2935 78.588
77 1330 175.938
78 502 80.577
78 76 172.669
78 1955 78.901
78 1138 79.14
79 77 64.214
80 997 82.786
80 81 124.266
81 4415 78.599
81 80 124.266
81 5459 79.081
81 6664 77.059
82 79 76.433
82 1334 174.87
83 3922 34.706
84 82 67.304
85 7012 79.257
85 502 79.311
85 1956 79.062
85 2305 200.749
86 88 80.281
86 1247 74.955
86 1242 95.871
87 670 93.999
87 447 352.488
88 92 79.26
88 86 80.281
88 4487 108.651
88 5418 118.356
89 94 79.233
89 7205 78.595
89 2307 200.66
90 5329 303.222
90 93 79.192
90 1218 78.954
92 5303 79.577
92 88 79.26
92 4490 109.214
92 3685 59.111
93 5335 295.914
93 1420 79.279
93 90 79.192
94 5241 79.892
94 89 79.233
94 2308 200.821
94 1960 79.161
95 96 79.2
95 5303 78.981
95 4495 108.874
95 6553 101.229
96 95 79.2
96 4497 109.267
96 6555 62.85
96 97 191.035
97 7305 78.459
97 6558 79.177
97 102 203.295
97 96 191.035
98 101 79.39
98 5241 79.311
98 2310 201.071
99 2767 145.38
100 5793 10.374
100 7259 75.611
100 4555 80.495
101 103 79.39
101 98 79.39
101 1961 79.219
101 2315 200.805
102 4214 78.758
102 4212 79.025
102 104 143.95
102 97 203.295
103 107 79.071
103 101 79.39
103 2319 200.647
104 4431 69.308
104 245 14.149
104 102 143.95
105 1745 10.42
105 100 41.362
106 6608 430.745
106 109 120.082
107 4344 79.577
107 103 79.071
107 2323 200.251
108 3533 171.666
108 1798 79.999
109 523 11.452
109 2040 98.029
109 106 120.082
110 7399 79.206
110 1941 93.801
110 7949 128.535
111 2810 76.009
111 4868 76.336
111 1388 211.144
111 4228 175.666
112 6484 46.062
113 1059 144.507
113 115 90.897
114 2314 165.445
114 7553 79.312
115 820 103.678
115 4266 75.589
115 113 90.897
116 3535 27.947
117 7920 75.916
117 4266 76.46
117 823 152.394
118 2336 144.6
118 7553 79.3
119 2986 262.322
119 7276 78.772
119 2824 79.165
120 122 43.562
120 7920 75.703
120 826 149.649
121 2868 91.649
121 123 87.553
121 1049 86.92
121 7281 86.36
122 124 79.705
122 120 43.562
122 5292 112.031
123 250 94.731
123 2869 94.312
124 126 78.926
124 122 79.705
124 831 140.877
125 4708 11.874
125 6251 187.503
126 128 75.688
126 124 78.926
126 5735 173.463
127 3881 185.733
127 5736 207.801
127 2559 78.944
127 3707 79.057
128 6702 76.354
128 126 75.688
128 835 136.788
129 130 76.404
129 6702 75.655
129 841 137.551
130 131 76.127
130 129 76.404
130 5617 147.321
131 130 76.127
131 847 137.634
132 2803 155.959
132 4712 41.703
132 5011 46.025
133 75 19.418
134 6171 168.754
134 1977 82.52
134 1489 78.31
134 136 189.313
135 372 86.597
135 4645 10.378
135 6709 298.741
136 1536 61.108
136 150 13.961
136 134 189.313
137 3535 58.066
137 3907 60.306
137 7072 55.486
138 140 86.537
138 2610 74.029
138 3736 59.219
139 493 35.834
140 141 79.355
140 138 86.537
140 3121 280.785
141 146 79.927
141 140 79.355
141 5056 291.308
142 144 77.518
142 2737 77.469
142 3619 238.364
143 3728 353.451
143 447 887.794
144 142 77.518
144 2982 76.124
144 145 191.473
145 2980 78.066
145 1861 72.376
145 144 191.473
146 141 79.927
146 2612 84.811
147 124 175.298
147 2331 41.605
147 5206 82.808
148 4520 79.057
149 148 189.315
149 4522 76.708
149 6570 78.597
150 7092 297.635
150 136 13.961
150 1978 54.006
151 703 61.632
151 699 96.215
152 151 176.069
152 5517 99.741
152 5519 57.256
152 156 128.15
153 7717 12.006
153 154 29.579
153 3503 64.872
154 1082 158.646
155 3900 34.808
155 3503 74.958
155 157 32.111
156 7782 134.692
156 2899 112.083
156 159 278.928
156 152 128.15
157 3895 202.819
157 3900 27.884
158 233 120.727
158 6543 79.03
159 1998 11.95
159 156 278.928
159 3705 185.003
160 1998 180.979
160 273 111.853
160 7517 74.557
160 161 221.613
161 160 221.613
161 162 201.297
161 5674 108.704
162 161 201.297
162 4653 108.869
162 163 201.656
163 165 202.703
163 162 201.656
163 3605 108.779
164 168 233.662
164 3644 81.302
164 1092 80.151
165 6653 74.28
165 172 199.634
165 163 202.703
165 2950 107.716
166 167 84.015
166 5378 233.82
167 170 72.746
167 166 84.015
167 1302 174.184
168 169 207.784
168 6329 79.08
168 6326 79.12
169 4500 206.863
169 693 79.042
169 688 79.673
170 1478 73.984
170 167 72.746
170 5389 276.522
171 7444 123.776
172 165 199.634
172 6116 105.922
172 6654 46.669
172 5999 103.159
173 175 74.732
173 1478 72.761
173 5393 315.474
174 176 161.764
174 3649 79.566
174 5281 79.637
175 178 77.885
175 173 74.732
175 1307 173.947
176 177 183.912
176 3652 79.206
176 1735 79.284
177 6841 195.163
177 3653 80.427
177 6641 80.845
178 179 92.666
178 175 77.885
178 1308 174.096
178 5414 317.327
179 5629 94.478
179 178 92.666
179 6849 67.338
180 182 95.201
180 2167 86.461
180 2162 77.54
181 7531 76.534
182 5207 97.956
182 2961 78.014
183 185 77.609
183 5629 109.424
184 6758 212.968
184 3048 99.076
185 183 77.609
185 5439 270.269
185 4320 82.219
186 6682 7.015
186 6574 79.008
187 3183 139.116
187 796 88.103
188 4753 8.987
188 716 78.133
188 5408 207.648
189 4740 77.473
189 193 9.936
190 1855 52.626
190 2497 68.917
191 194 21.65
191 4320 58.751
192 190 42.918
192 199 21.583
193 5412 9.17
193 195 197.358
194 200 58.822
194 191 21.65
194 5449 260.145
195 196 8.826
195 4832 78.726
196 4758 8.779
196 197 199.242
197 4890 78.064
197 201 12.522
198 5799 31.299
198 2623 72.039
198 2007 248.531
199 192 21.583
200 202 77.685
200 194 58.822
200 1281 175.479
201 4870 9.649
201 4769 83.443
202 3325 79.029
202 200 77.685
202 1283 176.18
203 5621 33.931
203 1457 166.731
204 205 117.059
205 206 155.188
205 204 117.059
205 4699 75.959
206 207 234.097
206 205 155.188
206 625 76.389
207 206 234.097
207 632 76.595
207 2726 76.565
208 192 66.753
208 209 17.147
209 208 17.147
210 211 59.11
210 7282 76.332
210 7279 76.529
211 210 59.11
211 4273 35.384
212 5410 31.56
212 5407 23.252
212 1845 17.309
213 4199 77.617
213 4197 80.168
213 2337 274.13
214 1558 79.784
214 1462 78.684
215 6670 25.551
215 6826 73.935
216 6507 54.549
216 6502 165.006
216 217 48.294
217 2906 75.747
217 6507 28.583
218 219 15.112
218 4887 82.914
218 222 178.514
219 218 15.112
219 7948 170.726
219 1930 72.389
220 230 92.029
220 1231 63.918
220 6221 243.865
221 4728 77.685
221 5168 52.169
221 4626 164.901
222 7950 80.731
222 7949 25.856
222 218 178.514
222 1941 147.592
223 224 9.455
223 1928 69.097
223 227 71.253
224 223 9.455
224 225 85.192
224 228 143.995
225 226 102.886
225 224 85.192
225 1145 78.461
225 3071 119.319
226 229 96.95
226 225 102.886
226 1983 119.528
227 223 71.253
228 224 143.995
229 6270 94.983
229 226 96.95
229 1095 118.298
230 7730 105.369
230 220 92.029
230 3451 84.44
230 2523 96.517
231 5486 17.871
231 2440 54.69
231 5483 28.465
232 231 140.985
232 5494 87.839
233 232 94.369
233 5496 155.518
234 654 93.167
234 1364 121.049
234 6544 80.988
235 4949 121.496
235 234 107.697
236 662 106.791
236 235 173.36
237 3720 120.517
237 236 185.781
238 1700 72.132
238 237 80.221
239 238 91.55
239 2353 119.942
239 699 111.502
240 4483 223.053
240 239 157.985
241 2120 124.331
241 5639 102.605
241 5623 43.719
242 242 661.306
242 1819 48.494
243 3045 108.587
243 7103 77.652
244 598 104.9
244 5150 21.238
245 104 14.149
245 6563 65.024
245 252 220.694
246 6415 84.834
246 244 139.929
247 5126 79.084
247 249 23.547
247 4754 79.665
248 246 81.909
248 7284 94.731
249 247 23.547
250 608 102.095
250 248 82.222
251 611 101.381
251 1989 37.239
251 2870 94.46
252 5057 26.139
252 245 220.694
253 314 78.762
253 2351 83.706
253 4483 70.228
254 2353 76.898
255 932 202.131
256 257 38.196
257 256 38.196
257 5339 272.779
258 925 81.41
258 255 117.339
259 260 87.567
259 7847 92.79
259 6487 31.555
260 259 87.567
261 6806 70.517
261 5471 177.472
263 493 22.36
264 3736 53.896
265 3785 36.48
266 5294 81.164
266 1126 224.894
266 4945 31.549
267 2982 75.872
267 268 118.65
268 267 118.65
268 2948 136.266
268 2570 76.515
269 271 18.254
269 321 73.552
269 270 155.658
270 5676 201.212
270 269 155.658
270 1118 115.164
270 322 73.455
271 269 18.254
271 5855 200.978
271 1948 122.95
272 1494 159.216
273 160 111.853
273 5674 206.372
273 7521 87.522
274 3834 16.102
274 1877 229.176
274 2132 80.859
275 1877 94.122
275 4982 294.414
275 3836 128.213
275 277 90.399
276 1370 76.361
276 5878 297.879
276 1582 197.215
277 5832 121.538
277 7309 118.636
277 275 90.399
277 4324 115.788
278 4923 16.953
278 2125 250.267
278 3162 129.026
279 6679 35.904
279 665 142.644
280 6679 33.214
280 2158 105.437
280 279 37.044
281 282 34.017
281 6679 42.965
282 6679 38.058
282 7710 106.829
283 347 32.323
283 3408 62.88
284 285 298.832
284 4289 122.182
284 1846 276.148
285 284 298.832
286 6694 12.209
286 6693 53.023
286 281 241.178
287 6695 13.499
287 286 61.725
288 4037 63.384
288 5182 172.607
288 5176 246.793
289 6258 70.396
289 359 57.544
289 6497 98.971
290 6538 8.167
290 292 239.852
291 7159 82.275
291 4019 178.268
291 294 182.305
292 6525 10.132
292 5218 1405.598
293 3869 104.179
294 2055 34.256
294 291 182.305
294 4020 43.428
295 296 10.556
295 1262 117.332
296 295 10.556
296 7127 72.951
296 1258 122.843
297 1503 26.434
297 1794 169.8
298 301 135.25
299 1262 9.017
299 2481 253.11
299 296 120.033
300 1263 9.192
300 3935 254.541
300 299 82.606
301 298 135.25
301 5197 139.663
301 3082 80.776
302 1264 10.488
302 300 76.151
302 7615 222.385
303 304 12.399
304 306 9.724
304 303 12.399
304 4390 57.84
305 738 12.185
305 2947 77.432
306 304 9.724
307 5444 106.858
308 7548 62.52
308 1719 90.635
309 4119 164.619
309 2959 75.872
309 2960 122.687
310 7933 161.981
311 5852 95.409
311 3131 75.27
311 7128 121.177
311 312 119.106
312 3133 77.237
312 4616 96.271
312 7938 703.398
312 311 119.106
313 316 133.22
313 6296 78.794
314 253 78.762
315 1783 188.613
315 2629 5.371
315 319 169.556
316 3873 77.981
316 7690 89.548
317 3436 122.477
317 2508 70.791
317 5261 92.506
318 2650 80.154
318 1829 80.204
318 320 148.336
319 6754 98.097
319 315 169.556
320 3790 76.143
320 1830 76.857
320 324 152.793
320 318 148.336
321 322 148.3
321 269 73.552
321 4663 73.143
322 321 148.3
322 1047 40.216
322 270 73.455
323 2845 135.525
324 7845 28.37
324 320 152.793
324 1834 77.262
325 326 119.754
325 5341 77.683
325 7706 83.165
326 327 76.035
326 325 119.754
326 5344 74.347
327 328 33.603
327 326 76.035
327 3785 76.361
327 5346 88.894
328 327 33.603
329 3001 95.78
329 6375 275.989
329 6377 235.795
330 7329 54.606
330 5254 76.471
331 332 112.185
331 2223 83.082
331 4625 435.578
331 4627 332.947
332 333 127.789
332 331 112.185
332 2223 117.61
333 332 127.789
333 7032 126.042
333 3853 244.964
334 340 26.881
334 1000 107.425
334 7061 91.786
335 336 8.855
335 4854 78.927
336 337 8.699
336 5421 205.275
337 338 9.204
337 4859 78.114
338 335 9.119
338 4871 193.482
339 341 140.807
339 5345 61.341
339 373 15.929
340 334 26.881
340 4388 5.416
341 7618 57.067
341 347 144.148
342 2304 30.089
342 979 41.723
343 2762 38.676
343 5082 106.673
343 7183 150.846
344 3669 164.967
344 6676 83.707
345 6680 7.095
345 350 82.317
345 7218 137.777
346 6967 81.085
346 534 79.111
346 3584 175.518
346 2340 151.013
347 5749 80.203
347 341 144.148
347 3408 54.94
348 767 75.982
349 348 76.593
349 1331 203.733
350 7533 7.437
350 344 78.789
351 345 81.904
351 7220 97.145
352 3103 167.226
352 351 80.094
352 7221 87.601
353 5952 18.257
353 791 133.885
354 5976 60.809
354 353 36.362
355 1310 61.05
355 354 67.05
356 3342 18.539
356 355 76.214
357 356 106.493
358 1202 220.293
358 357 79.723
359 289 57.544
360 367 105.282
361 358 198.183
361 4709 66.814
362 3359 17.007
362 361 155.945
363 319 84.611
364 6357 21.421
364 748 157.095
364 366 47.255
365 369 221.849
365 4959 75.038
365 7886 72.795
366 6366 52.914
366 6357 41.65
367 5691 331.453
367 3402 120.892
368 369 29.153
368 370 100.706
368 3467 218.768
369 368 29.153
369 7861 73.079
369 365 221.849
370 3566 57.599
370 3558 87.501
370 368 100.706
371 6709 84.353
371 5211 82.32
371 372 229.29
372 7947 75.836
372 135 86.597
372 371 229.29
372 3428 101.304
373 339 15.929
373 7638 63.176
374 6643 76.111
374 7317 75.205
374 4547 144.105
374 1188 76.301
375 377 76.042
375 6643 76.145
375 4550 143.788
375 1192 76.145
376 4084 30.478
377 375 76.042
377 4607 75.746
377 5846 143.656
377 1194 76.554
378 7804 11.399
378 3458 209.477
378 2326 88.664
379 569 30.883
379 1043 47.756
379 5471 111.769
380 383 76.204
380 3472 228.63
380 1166 122.082
380 7578 75.977
381 384 60.364
382 385 82.576
382 864 164.269
383 380 76.204
383 3477 228.643
383 1168 122.095
383 388 75.879
384 895 75.263
384 893 92.565
384 2777 76.541
384 381 60.364
385 5252 82.078
385 5249 83.266
385 389 240.704
385 382 82.576
386 387 54.692
386 2765 78.026
386 72 168.613
386 71 170.028
387 386 54.692
388 3481 229.641
388 1172 121.648
388 433 76.175
388 383 75.879
389 390 207.875
389 652 79.432
389 648 78.917
389 385 240.704
390 392 201.186
390 389 207.875
390 2699 79.195
390 2694 79.035
391 393 79.99
391 3489 227.562
391 1174 122.93
391 433 75.498
392 394 202.75
392 390 201.186
392 4392 79.05
392 4389 79.662
393 391 79.99
393 3493 226.13
393 1176 124.365
393 4718 78.079
394 395 181.647
394 392 202.75
394 6474 79.864
394 6473 79.099
395 396 207.775
395 394 181.647
395 6196 79.689
395 6193 78.877
396 395 207.775
396 1772 78.844
396 3855 79.008
396 397 195.13
397 3688 79.084
397 3858 79.006
397 400 197.453
397 396 195.13
398 3492 13.192
398 7191 112.961
399 5980 10.952
399 426 29.77
400 3820 79.814
400 3819 78.879
400 397 197.453
401 402 77.548
401 3502 165.189
401 1143 64.145
402 6575 79.141
402 401 77.548
402 4839 175.527
403 404 81.337
403 6911 105.156
403 6428 45.947
404 407 80.494
404 403 81.337
404 5601 214.641
405 5273 245.526
405 3697 78.954
405 3887 79.55
406 6601 79.016
406 405 271.377
406 6604 79.114
407 409 77.093
407 404 80.494
407 3396 212.428
408 6706 58.396
408 3291 142.165
408 1154 94.095
409 411 79.861
409 407 77.093
409 5603 208.4
410 7982 13.472
410 406 136.723
410 3893 75.827
411 409 79.861
411 414 160.668
411 2522 137.593
412 714 82.384
412 712 63.081
412 5367 204.052
412 7982 180.792
413 6374 11.122
414 2517 38.045
414 6917 78.501
414 421 107.409
414 411 160.668
415 4019 79.64
415 5658 245.661
416 417 77.731
416 3800 72.009
416 1181 53.835
417 418 78.319
417 416 77.731
417 11 216.577
418 419 75.716
418 417 78.319
418 12 197.628
419 418 75.716
419 6794 81.223
419 13 177.55
420 3457 78.948
420 6925 80.73
420 422 201.342
420 421 167.038
421 4688 79.546
421 4677 81.875
421 420 167.038
421 414 107.409
422 2956 78.837
422 6927 79.748
422 423 201.816
422 420 201.342
423 1128 78.822
423 6928 79.593
423 424 162.268
423 422 201.816
424 469 81.16
424 423 162.268
424 6964 78.406
425 7204 106.732
425 7699 75.853
425 3757 57.078
426 5969 10.698
426 4238 48.773
426 429 205.175
427 1712 77.414
427 1710 111.206
427 1259 42.705
427 7699 54.727
428 463 110.748
428 4327 39.598
428 1259 56.208
429 4877 76.345
429 6945 76.084
429 431 203.881
429 426 205.175
430 7405 82.827
430 432 107.766
430 4327 112.326
431 6498 78.334
431 6496 77.952
431 429 203.881
432 1357 103.3
432 1356 76.176
432 1173 202.961
432 430 107.766
433 3484 228.531
433 1173 120.39
433 391 75.498
433 388 76.175
434 3484 153.547
434 6195 75.428
434 437 120.444
434 6203 77.869
436 534 79.104
436 3692 80.318
436 1135 173.224
436 3844 67.34
437 6003 76.379
437 4928 148.156
437 434 120.444
438 1460 668.258
438 7689 570.298
439 6483 50.17
440 1565 60.159
441 443 12.698
441 2943 87.335
442 444 67.485
442 1023 95.435
443 1469 26.166
443 1505 311.148
444 2132 28.059
444 442 67.485
444 4982 54.776
445 6038 11.891
446 3027 325.368
446 7245 505.948
447 446 143.784
448 766 79.234
448 6944 76.959
448 449 204.059
449 6382 82.415
449 2913 13.378
449 2914 50.96
450 6495 133.97
451 723 63.561
451 7885 79.398
451 3462 112.407
452 448 201.925
452 4482 79.002
452 4481 68.967
452 455 39.43
453 723 27.742
454 5821 44.016
454 6631 81.474
454 1392 141.809
454 7162 178.672
455 452 39.43
456 7910 80.25
456 1397 133.53
456 7170 279.258
457 519 78.809
457 680 78.426
457 5820 231.604
457 3220 101.706
458 1985 74.566
458 7616 100.547
458 3918 82.699
459 1942 14.174
459 6511 91.112
460 463 155.729
460 1942 207.035
460 6514 92.181
460 1249 54.239
461 462 80.706
461 5837 93.384
462 7853 77.388
462 461 80.706
462 556 139.428
463 428 110.748
463 460 155.729
463 1257 57.4
463 4325 93.566
464 1826 12.553
464 2591 61.706
465 467 73.983
465 472 5.49
465 1366 79.254
466 6370 92.143
466 1340 89.568
466 5543 117.35
467 465 73.983
467 3678 95.619
467 7592 177.269
468 472 47.056
469 6298 90.094
469 424 81.16
469 471 66.923
469 1128 164.611
470 6441 79.149
470 2880 79.518
471 473 84.538
471 469 66.923
471 6300 102.195
472 465 5.49
472 468 47.056
472 3679 82.515
473 2913 85.007
473 471 84.538
473 6301 128.868
474 2186 107.591
474 7394 26.399
474 478 100.748
475 742 39.689
475 6898 75.156
475 724 35.136
476 2084 138.131
476 7048 80.331
476 7725 80.919
477 73 75.851
478 480 160.956
478 2187 87.331
478 4998 79.933
478 474 100.748
479 702 43.82
479 2084 142.953
479 7393 79.355
479 7051 79.464
480 482 161.494
480 478 160.956
480 2191 83.2
480 5000 80.571
481 3424 77.594
482 480 161.494
482 2192 82.584
482 5002 80.586
482 484 146.188
483 801 75.877
483 7617 76.152
483 920 111.103
484 500 40.444
484 3207 46.125
484 482 146.188
485 702 84.756
485 3780 78.359
485 3779 148.909
486 4145 237.342
486 810 76.787
486 7619 75.96
487 2067 14.951
487 7623 77.161
487 486 53.227
488 7415 75.609
488 490 76.681
488 1852 243.365
489 5144 78.806
489 4511 156.49
489 4510 212.394
490 488 76.681
491 493 100.248
491 5465 119.793
491 5460 197.717
492 494 77.701
492 2923 75.987
492 5048 76.399
492 1442 161.501
493 491 100.248
493 139 35.834
493 263 22.36
494 5002 77.616
494 492 77.701
494 1443 161.954
494 3204 196.81
495 497 15.261
495 7237 81.92
495 7813 129.752
495 7203 63.456
496 498 27.771
496 4197 83.065
496 4706 169.915
496 838 79.013
497 2307 164.893
497 495 15.261
497 3218 78.967
498 496 27.771
499 501 126.663
500 2193 45.682
500 484 40.444
500 2301 245.244
501 824 71.902
501 7456 76.015
501 504 210.827
501 499 126.663
502 85 79.311
502 78 80.577
502 2301 200.595
503 3370 70.582
503 506 56.039
503 508 57.356
504 509 249.704
504 827 77.733
504 7624 71.349
504 501 210.827
505 797 514.102
506 1179 7.562
506 508 15.966
506 503 56.039
507 510 79.13
507 2112 79.218
507 4163 158.572
507 667 158.437
508 506 15.966
508 3566 14.66
508 503 57.356
509 512 207.518
509 504 249.704
509 830 79.121
509 7625 79.397
510 514 79.252
510 507 79.13
510 4167 158.842
510 669 158.271
511 7206 80.156
511 1146 80.102
511 3778 137.17
512 513 207.695
512 509 207.518
512 833 79.478
512 7626 79.044
513 515 207.234
513 512 207.695
513 836 78.77
513 7627 79.362
514 517 78.612
514 510 79.252
514 6759 80.32
514 672 158.232
515 2234 122.43
515 513 207.234
515 2233 34.339
515 5009 80.033
516 518 60.276
516 1410 78.405
516 1408 71.173
517 3223 79.882
517 514 78.612
517 677 158.672
518 520 120.636
518 516 60.276
518 3738 76.127
518 1097 71.595
519 6767 71.278
519 457 78.809
519 5816 232.668
519 3223 112.599
520 518 120.636
520 6030 75.639
520 6026 63.864
521 522 286.804
522 2393 55.687
522 647 52.033
522 521 286.804
523 109 11.452
523 3876 100.955
523 4372 138.75
524 1082 585.37
525 2015 20.52
525 2303 78.334
525 2753 210.578
526 3629 128.606
527 5376 146.19
528 2138 40.747
528 7733 93.132
528 2523 133.303
529 7583 74.426
529 4269 152.473
529 704 109.679
530 531 69.856
530 6626 83.389
531 530 69.856
531 6964 96.119
531 6947 83.43
532 812 79.533
532 7753 171.701
532 4201 86.447
533 2598 12.653
533 6589 94.077
534 346 79.111
534 436 79.104
534 537 173.855
534 6572 108.639
535 3943 173.376
535 5841 76.566
535 4819 144.754
535 825 76.192
536 976 13.295
536 1487 535.999
536 6141 186.751
537 3583 46.524
537 534 173.855
537 1135 79.143
538 540 250.58
539 950 608.462
539 7530 190.737
540 538 250.58
540 7373 55.028
540 973 55.965
541 951 192.119
541 1528 80.932
542 543 79.08
542 7003 79.219
543 956 190.794
543 545 78.555
543 542 79.08
544 3326 87.544
545 547 79.519
545 543 78.555
546 3332 123.062
547 958 190.554
547 1540 78.779
547 545 79.519
548 790 51.51
548 2518 130.832
548 3470 274.638
549 551 72.55
549 7354 153.999
550 552 16.569
550 5333 80.142
551 553 63.951
551 549 72.55
552 550 16.569
552 2649 190.403
552 3536 136.08
553 7632 104.442
553 5762 118.738
553 551 63.951
554 5046 128.533
555 900 760.308
556 462 139.428
556 557 193.81
557 7670 244.563
557 559 135.525
558 4946 76.271
558 2008 75.836
558 4781 76.178
558 1842 228.696
559 115 154.046
559 3798 76.325
559 6455 107.923
560 845 76.724
560 2235 29.139
560 846 220.266
561 6547 105.976
561 6696 171.782
561 6519 77.409
561 7231 76.305
562 852 82.081
562 7607 91.758
562 563 166.522
562 2363 286.719
563 7608 91.869
563 566 167.539
563 854 75.912
563 562 166.522
564 565 128.029
564 4542 75.751
564 6962 76.903
565 564 128.029
565 1755 76.767
565 6963 76.329
566 568 177.659
566 563 167.539
566 862 76.117
566 7610 78.612
567 6547 128.228
567 5610 77.813
568 865 76.468
568 7616 66.465
568 566 177.659
569 7888 257.283
570 2299 49.733
571 2846 29.876
571 2845 62.03
571 7874 99.151
572 464 10.149
572 6562 65.617
573 7217 38.833
573 2064 289.905
573 574 27.414
574 3669 54.988
574 7529 23.602
575 2005 36.424
575 2941 32.481
575 5881 79.516
576 572 12.078
576 976 326.206
577 2457 79.7
577 5739 143.75
578 2900 119.505
578 2903 59.614
579 7472 141.616
579 580 79.515
580 7815 144.175
580 584 78.27
581 582 54.748
581 6739 9.308
582 7598 186.188
583 2056 127.137
583 2324 126.337
584 7476 141.521
584 7636 79.049
585 1651 82.012
585 7520 82.076
585 6896 189.654
585 1486 151.97
586 5400 109.582
586 3786 31.245
586 3784 113.279
587 582 114.938
587 581 73.64
588 3363 51.615
589 5169 78.967
589 3115 79.029
589 1495 151.58
590 2769 79.786
590 5169 78.531
590 1500 151.908
591 5321 78.8
591 2769 79.101
591 1501 165.177
592 593 10.952
592 3851 89.536
592 7789 14.537
593 7787 125.6
594 2659 32.285
595 6737 168.544
595 6765 165.499
596 4659 202.395
596 3743 234.157
597 3476 154.908
597 5455 78.23
598 600 140.034
598 1324 81.618
599 6881 79.345
599 7562 77.318
599 5455 79.465
599 7568 103.302
600 603 77.898
600 246 104.326
601 4355 74.797
602 4346 238.329
602 974 237.326
602 6070 78.994
602 1961 79.023
603 608 82.223
603 248 102.095
604 7053 23.052
605 3157 76.65
606 2427 80.827
606 6070 78.932
606 4349 237.538
606 4032 238.616
607 5506 45.735
608 2872 94.314
608 1312 79.531
609 596 61.597
610 2427 80.956
610 612 78.878
610 4351 237.408
610 978 237.75
611 5538 187.274
611 615 79.524
612 4973 79.37
612 4353 236.302
612 610 78.878
612 2916 238.144
613 6717 120.688
613 5482 117.821
614 6931 189.373
614 4242 79.172
615 868 17.413
615 73 60.161
616 4973 79.108
616 2724 82.385
616 1984 81.008
616 3799 134.971
617 1521 189.389
617 1276 79.069
617 1456 79.234
618 3957 77.041
618 1506 146.749
619 1086 78.992
619 7121 81.018
619 3827 237.93
620 623 116.858
621 5236 127.618
621 3960 66.035
621 4203 98.298
622 1276 33.258
623 205 76.422
623 625 155.741
623 620 116.858
624 626 76.127
624 4534 81.521
624 7422 76.183
624 4619 259.355
625 632 229.921
625 1206 76.376
625 623 155.741
626 629 76.273
626 624 76.127
626 1265 80.742
626 7419 259.187
627 6806 77.484
627 5066 194.834
628 631 79.186
628 7414 79.035
628 5096 147.504
628 986 238.222
629 630 75.85
629 626 76.273
629 4620 259.256
630 629 75.85
630 6969 197.941
630 6436 95.315
631 5091 37.894
631 628 79.186
631 1378 237.563
632 625 229.921
632 1208 76.707
632 207 76.595
633 6809 78.616
633 641 270.799
634 635 127.884
634 6853 77.532
634 6847 94.641
635 634 127.884
635 3756 82.571
635 3758 83.734
636 637 79.033
636 4405 78.781
636 6948 84.874
636 2357 119.832
637 6157 79.831
637 636 79.033
637 2856 111.733
638 644 77.605
638 5015 82.217
638 5479 181.071
639 640 93.544
639 6246 82.741
639 6244 147.801
640 639 93.544
640 1740 77.247
640 5722 139.199
641 924 13.603
641 3430 119.614
642 3879 127.786
642 5229 271.981
642 6052 142.393
643 2689 207.896
643 645 80.379
643 7662 79.267
643 5247 156.782
644 649 77.053
644 638 77.605
644 1232 140.307
645 2692 207.741
645 648 80.573
645 643 80.379
645 5248 185.666
646 6770 70.125
646 3722 133.456
647 522 52.033
647 1142 54.171
647 3140 191.819
648 389 78.917
648 645 80.573
648 2694 208.04
648 5249 212.736
649 644 77.053
649 3149 78.275
649 1233 140.412
649 5489 122.334
650 653 145.075
650 6773 77.9
650 5039 64.312
651 1792 120.839
652 2699 207.731
652 389 79.432
652 5252 268.631
652 655 79.047
653 6775 78.323
653 3714 45.822
654 2239 88.892
654 5503 147.671
654 234 93.167
655 2700 207.762
655 652 79.047
656 1566 76.245
656 865 90.195
656 3154 84.019
656 7327 76.321
657 6777 77.461
657 661 175.097
658 1788 79.089
658 768 79.044
658 6215 207.217
658 660 195.379
659 3989 79.224
659 235 107.884
660 2041 79.128
660 770 79.168
660 658 195.379
660 6861 192.22
661 664 285.891
661 6779 84.239
661 5059 72.542
662 5515 193.411
663 2045 82.395
663 6861 10.463
663 3767 85.453
664 1285 13.142
664 6782 85.723
665 3833 34.316
665 279 142.644
665 2834 158.953
666 87 113.819
666 6788 85.597
666 5072 92.758
667 507 158.437
667 7256 158.807
667 669 78.741
667 2106 79.415
668 5405 76.231
668 3746 148.216
668 6132 77.984
668 671 77.663
669 510 158.271
669 7258 158.774
669 672 79.726
669 667 78.741
670 6789 84.174
670 675 206.655
671 3747 157.478
671 668 77.663
671 679 96.97
672 514 158.232
672 7263 158.47
672 677 78.786
672 669 79.726
673 7483 63.617
673 5509 92.933
674 2871 60.157
674 673 93.755
675 5028 82.792
675 678 207.712
676 4845 50.692
677 517 158.672
677 7269 158.641
677 3217 78.864
677 672 78.786
678 6791 81.851
678 681 207.996
678 5085 94.578
679 3748 169.854
679 671 96.97
679 682 43.288
680 457 78.426
680 20 76.536
680 3217 90.21
680 5814 231.185
681 6792 81.256
681 3027 102.371
682 855 66.124
682 679 43.288
682 687 11.494
683 3137 81.963
683 7477 79.086
683 4493 208.931
683 6322 207.368
684 6509 76.102
684 1873 86.858
684 5859 147.805
684 6510 210.572
685 7430 98.83
686 7167 56.501
686 4770 51.684
686 5095 78.335
687 2048 75.627
687 682 11.494
687 5320 69.953
688 3137 81.647
688 169 79.673
688 6326 208.055
689 6584 76.324
689 3235 75.491
689 3127 92.678
689 694 169.187
690 2050 79.842
690 5320 229.237
690 859 78.358
691 1916 75.54
691 1602 80.88
691 3005 114.643
692 2412 83.362
692 697 80.283
693 6557 79.397
693 6329 207.413
693 169 79.042
694 3237 76.141
694 3928 72.19
694 698 169.106
694 689 169.187
695 6618 149.298
695 6672 83.295
696 237 109.531
697 5185 126.209
697 2214 81.999
698 3779 76.05
698 3239 76.233
698 702 185.129
698 694 169.106
699 5797 104.237
699 239 111.502
699 5517 184.587
699 151 96.215
700 4913 78.766
700 6557 78.924
700 6331 207.367
701 7585 76.529
701 3456 76.26
701 1199 111.578
702 485 84.756
702 479 43.82
702 698 185.129
703 240 117.267
704 708 14.006
704 7585 74.989
704 529 109.679
705 4008 91.3
705 2712 54.885
705 789 22.676
706 713 212.173
707 4529 95.392
707 7185 87.804
707 4828 161.373
708 711 58.522
708 704 14.006
708 2678 75.545
710 6652 78.944
710 721 189.85
710 5111 91.821
711 708 58.522
711 712 75.857
711 4272 286.019
712 4184 204.462
712 412 63.081
712 711 75.857
713 4538 123.268
713 7581 78.965
714 716 79.529
714 412 82.384
714 5436 200.812
715 4683 53.067
715 4686 32.869
715 7300 28.26
716 188 78.133
716 714 79.529
716 7980 183.859
717 4753 78.897
717 7978 188.993
717 5375 79.671
718 4586 22.378
719 2258 13.595
719 6964 94.68
719 530 111.218
720 5699 78.97
720 6880 82.124
720 6285 207.429
721 6799 55.625
721 6652 148.779
722 2905 147.337
722 2893 220.122
723 725 60.92
723 453 27.742
723 451 63.561
724 475 35.136
724 731 51.308
725 723 60.92
726 4421 207.207
726 4996 79.166
726 4021 78.01
727 729 79.073
727 3704 79.11
727 5736 207.662
727 6627 207.349
728 5826 17.666
728 1871 126.345
728 5454 149.009
729 1549 78.966
729 727 79.073
729 2557 207.554
729 2556 207.279
730 6299 207.34
730 732 79.205
730 4292 79.086
731 7667 44.639
731 724 51.308
731 6351 47.554
732 734 78.929
732 730 79.205
732 4437 207.624
733 736 78.802
733 1549 79.264
733 5740 207.554
733 6632 207.349
734 3268 85.157
734 732 78.929
734 6304 207.577
735 5825 75.893
735 5806 92.058
735 6143 65.161
736 737 82.264
736 733 78.802
736 7266 207.426
736 7270 207.604
737 736 82.264
737 741 26.847
737 6805 207.171
737 6810 207.624
738 305 12.185
738 6370 155.184
738 5543 92.926
739 2229 156.603
739 4451 207.415
739 6789 78.376
739 2230 63.079
740 777 174.078
740 3631 22.961
741 744 55.255
741 737 26.847
741 1938 171.859
742 477 188.989
742 6352 139.415
743 6952 21.653
743 2549 67.97
743 745 100.438
744 5747 207.751
744 6865 52.841
744 5713 78.885
744 741 55.255
745 743 100.438
745 2960 186.22
745 2550 70.825
746 4268 62.553
746 7439 10.252
747 5828 41.948
747 2066 136.18
747 6940 22.689
748 6521 81.434
748 2369 94.0
748 364 157.095
749 4464 201.623
749 6120 186.318
749 754 79.05
749 6521 78.897
750 58 207.771
750 56 207.457
750 755 78.845
750 4096 79.347
751 752 61.005
751 1426 169.97
751 7959 126.55
752 751 61.005
753 3197 270.071
753 3841 411.387
753 3831 305.147
754 4465 202.029
754 6374 192.797
754 3973 79.204
754 749 79.05
755 5750 207.26
755 6640 207.31
755 756 79.283
755 750 78.845
756 5010 207.732
756 5007 207.515
756 4350 79.081
756 755 79.283
757 59 79.602
757 3973 78.833
757 4467 201.621
757 6379 205.694
758 5754 206.69
758 6644 206.151
758 762 78.961
758 4350 79.296
760 759 42.939
760 7313 14.307
761 6184 14.532
761 6380 222.577
761 6944 57.6
762 1980 79.348
762 758 78.961
762 5756 202.756
762 6646 207.26
763 5865 88.251
763 6072 142.162
763 2513 49.734
764 6084 153.255
764 4182 5.55
764 4181 76.736
765 4185 12.941
765 4182 68.339
766 6310 80.105
766 448 79.234
766 4482 201.212
767 3314 16.163
767 3077 75.567
768 770 195.069
768 6214 207.6
768 658 79.044
768 7720 79.208
769 773 18.098
769 5539 12.97
769 1862 80.977
769 5537 203.93
770 6904 192.267
770 768 195.069
770 660 79.168
770 7721 79.086
771 5625 79.215
771 2653 79.201
771 6389 166.805
772 777 83.993
772 4162 81.067
772 7024 233.068
772 5037 46.594
773 5539 22.463
773 769 18.098
773 2654 53.67
774 2262 12.892
774 3604 34.241
774 775 15.203
775 3453 77.769
775 774 15.203
776 6904 10.108
776 663 77.127
777 784 82.575
777 772 83.993
777 740 174.078
777 4926 45.096
778 5222 91.585
778 2666 117.165
778 5625 78.924
779 349 74.816
780 7316 26.759
780 7893 119.759
780 3189 287.547
781 793 357.567
781 5471 76.579
781 5466 60.43
782 2204 51.021
782 1914 43.632
782 5796 250.507
783 6612 100.549
783 2204 26.724
784 788 55.508
784 777 82.575
784 5039 49.221
784 2080 82.965
785 4677 77.01
786 6286 29.549
786 6288 132.136
786 790 38.783
787 1335 202.328
787 779 78.087
788 794 67.077
788 784 55.508
788 5041 75.383
789 792 169.52
789 705 22.676
789 5258 76.353
790 548 51.51
790 6286 26.45
791 5276 19.695
791 787 79.042
792 795 213.645
792 2713 75.981
792 5262 76.257
792 789 169.52
793 781 357.567
794 2245 183.211
794 788 67.077
794 2083 79.666
795 792 213.645
795 2716 78.385
795 5263 82.464
796 3655 152.69
796 3933 52.676
796 187 88.103
797 7966 257.875
798 918 11.636
798 481 74.376
799 5549 245.019
799 2680 79.643
800 802 76.332
800 2245 77.667
800 2089 78.166
801 806 142.137
801 3879 76.231
801 483 75.877
802 805 72.827
802 800 76.332
802 4064 78.193
803 804 201.575
803 7779 76.789
803 3250 67.602
804 803 201.575
804 7077 76.422
804 7075 112.99
804 809 195.678
805 808 67.758
805 802 72.827
806 6050 76.153
806 6048 76.074
806 4148 145.571
807 811 78.94
807 2680 81.975
807 5559 291.599
808 805 67.758
808 3011 30.507
808 2091 78.883
808 3993 28.249
809 804 195.678
810 814 21.678
810 486 76.787
811 807 78.94
811 815 81.425
811 1027 225.942
812 532 79.533
812 7335 79.402
812 7753 149.243
813 5035 147.667
813 7783 82.659
813 7797 82.769
814 2067 70.08
814 2998 54.316
814 821 144.122
815 811 81.425
815 816 74.266
815 5569 298.582
816 815 74.266
816 820 88.299
816 113 77.724
817 3638 187.768
817 7514 78.672
817 850 96.517
818 6221 175.079
819 3938 207.28
819 7287 102.617
820 816 88.299
820 4265 80.323
820 1314 140.756
821 7042 78.767
821 824 261.082
821 814 144.122
822 825 182.26
822 2745 128.511
822 7290 75.461
823 4265 78.915
823 7921 76.625
823 1316 92.003
824 3892 79.314
824 501 71.902
824 827 195.868
824 821 261.082
825 4815 140.289
825 822 182.26
825 7294 76.047
825 535 76.192
826 7921 75.918
826 828 76.465
826 5588 244.349
827 3538 79.802
827 504 77.733
827 830 265.014
827 824 195.868
828 826 76.465
828 831 79.465
828 122 145.819
829 832 86.065
829 879 178.528
829 874 260.296
830 833 207.531
830 827 265.014
830 3896 79.12
830 509 79.121
831 828 79.465
831 834 77.616
831 5591 246.963
832 829 86.065
832 1017 77.765
832 884 180.796
833 6311 77.545
833 512 79.478
833 836 207.668
833 830 207.531
834 831 77.616
834 835 76.355
834 126 136.582
835 834 76.355
835 6703 75.953
835 1293 122.006
836 839 56.291
836 833 207.668
836 2230 16.763
836 513 78.77
837 838 143.842
837 7322 65.186
837 4703 74.306
838 837 143.842
838 7336 78.179
838 840 62.658
838 496 79.013
839 2230 57.932
839 2233 157.561
839 842 151.34
840 7588 40.454
840 838 62.658
840 7336 105.712
841 6703 76.33
841 844 75.979
841 1296 122.112
842 839 151.34
842 4451 79.638
842 2233 43.846
842 845 206.938
843 945 38.18
843 5734 157.233
844 841 75.979
844 847 76.228
844 130 137.458
845 3901 78.97
845 560 76.724
845 842 206.938
845 846 151.254
846 849 54.973
846 560 220.266
846 845 151.254
847 844 76.228
847 848 82.622
847 5608 148.969
848 847 82.622
848 858 49.675
849 4755 67.182
849 3902 78.266
849 851 39.276
849 846 54.973
850 2077 99.629
850 817 96.517
851 849 39.276
851 4760 74.377
851 4755 67.702
851 852 274.875
852 2205 76.033
852 562 82.081
852 854 182.298
852 851 274.875
853 3860 13.207
853 3824 446.224
854 3859 92.739
854 563 75.912
854 862 167.73
854 852 182.298
855 682 66.124
855 3750 114.936
855 5317 81.921
856 860 81.858
856 1018 190.62
856 7799 189.029
856 7514 82.459
857 6262 12.525
857 2034 16.724
858 5611 87.331
858 861 83.324
859 690 78.358
859 7746 78.416
859 6614 271.223
860 3110 79.226
860 856 81.858
860 1637 189.372
861 1806 13.353
861 1807 51.684
862 865 167.334
862 3867 94.093
862 566 76.117
862 854 167.73
864 5248 82.683
864 6470 79.226
864 382 164.269
864 7659 164.349
865 656 90.195
865 568 76.468
865 862 167.334
866 869 79.143
866 3110 78.915
866 7802 189.56
867 1911 64.136
868 6364 181.331
868 615 17.413
869 912 181.093
869 871 78.936
869 866 79.143
870 2311 86.435
870 1394 149.679
870 3606 187.707
871 2752 78.998
871 869 78.936
871 7805 189.622
872 2558 246.042
873 3609 26.236
873 870 24.558
874 879 80.51
874 57 78.009
874 829 260.296
874 4023 237.021
875 6323 129.258
876 2752 79.101
876 7806 189.044
876 5309 79.267
877 4063 34.91
878 7272 79.134
878 1553 79.264
878 3883 126.446
878 5740 207.623
879 4023 185.774
879 829 178.528
879 884 84.79
879 874 80.51
880 4230 80.077
880 934 166.126
880 2672 154.314
881 886 9.349
881 5737 64.99
881 3682 39.971
882 3064 339.147
882 555 885.683
883 1449 85.871
883 1272 68.239
883 7810 191.72
884 2082 76.997
884 879 84.79
884 3411 193.111
884 832 180.796
885 4216 75.867
885 2768 221.375
885 3682 76.033
886 881 9.349
886 890 164.72
886 3852 128.558
887 3417 187.888
887 1018 197.972
887 2082 85.025
888 1691 174.702
888 2728 24.626
888 2738 44.595
889 5120 78.851
889 7812 188.334
889 892 80.384
890 891 77.525
890 886 164.72
890 5737 255.936
891 890 77.525
891 3854 132.12
891 3032 70.454
892 889 80.384
892 3487 221.225
893 384 92.565
893 6440 17.936
893 6353 118.635
894 896 76.339
894 2767 220.69
894 7738 107.54
895 896 91.62
895 384 75.263
895 3875 56.235
896 894 76.339
896 895 91.62
896 2778 76.68
896 5723 48.199
897 5635 25.004
897 5633 211.934
897 2217 92.496
898 4673 107.252
899 996 14.598
900 7582 464.051
901 906 58.739
902 6098 130.69
902 4667 87.742
903 14 33.624
904 3109 84.8
904 860 124.636
905 3416 11.41
905 907 90.178
905 3449 46.002
906 3347 110.707
906 3344 12.353
906 916 90.567
907 1613 22.458
907 901 39.997
908 3265 145.997
909 120 109.484
909 5292 16.182
910 4060 102.863
911 4858 53.397
912 983 79.084
912 913 79.189
913 871 185.805
913 915 78.943
913 912 79.189
914 7809 36.442
915 913 78.943
915 2290 78.941
915 6995 277.987
916 920 77.452
916 7617 111.28
917 4193 185.369
917 7288 73.797
917 1498 78.399
918 801 111.314
918 919 78.297
919 3430 12.492
919 924 121.091
920 481 12.225
920 918 74.515
921 923 53.218
921 7335 77.688
921 7989 30.909
922 2294 680.579
922 988 33.707
922 2329 91.016
923 921 53.218
924 642 103.044
924 927 57.376
925 922 102.296
926 1175 97.554
926 3206 62.008
927 5029 14.096
927 930 64.21
928 6996 15.881
928 5712 186.139
928 5307 77.192
929 934 19.108
929 6996 139.63
930 6733 85.08
930 5029 69.012
931 3506 207.636
931 7296 74.394
931 1507 74.438
932 258 80.402
933 340 6.627
933 932 127.886
934 929 19.108
934 936 59.456
934 880 166.126
935 4388 102.247
935 3019 162.402
936 3471 205.188
936 934 59.456
936 4229 49.227
937 935 83.783
938 6834 189.095
938 944 13.643
938 7304 78.74
939 7025 78.836
939 940 75.315
940 883 51.191
940 7811 206.849
940 939 75.315
940 941 53.383
941 940 53.383
941 1272 22.684
942 937 79.604
942 2448 153.239
943 941 47.663
943 1272 41.236
943 5120 38.224
944 1534 64.759
944 938 13.643
945 843 38.18
945 6902 103.287
945 1809 37.682
